4.133131831524909927e-01 3.126779459033510733e-01 2.880541072403131064e-01
4.375670093139937267e-01 4.776385240903150420e-01 2.437493937303658598e-02
9.956597147402198589e-01 5.292137471082472011e-01 1.021561685029648281e-03
7.503719741437572255e-01 1.536944538431881391e-01 8.045923341371243875e-01
6.254948253011083370e-01 4.808706709659292811e-01 7.241060306218294329e-03
7.653723025820036163e-02 3.720063667705485466e-01 4.453048754848771829e-01
6.664136839773726617e-02 9.334371179747595892e-01 6.803625978957501541e-01
3.797176814913857390e-01 2.396903579566304066e-01 1.516662874619812973e-01
4.254306733433355081e-01 1.614668629452792326e-01 8.366302098379049257e-01
9.482560789615541719e-01 7.135717429938595036e-01 6.685843005064086020e-01
3.814364521137647568e-01 9.642736382044971855e-01 5.703115185303049284e-01
3.264771332353599842e-01 3.363681517248418018e-01 7.087926590623913059e-01
7.176632662780838556e-01 1.884729208248563381e-01 2.616511913252231869e-01
4.637958287141419333e-04 4.116048543025571105e-01 6.147515419957670924e-01
7.019233763491119493e-01 6.681757696328827212e-01 6.336859034716640915e-01
6.432863653936565784e-01 3.786515942208735774e-01 7.015709558508489430e-01
3.630236418273636856e-01 4.567090739407034805e-01 4.755530067224056356e-02
4.319704650742317575e-01 8.165861516212759019e-01 1.623559102450310432e-01
6.591732547641178108e-01 5.562442998545057415e-01 6.040808097595441462e-01
2.399586142839416070e-04 6.467173202067202364e-01 3.506047834965932974e-01
9.355691420949896475e-02 4.867385186178144751e-01 8.728988220090091454e-01
5.448355107266699138e-01 6.543596655549390739e-01 4.309129055555692700e-01
8.020222001387009580e-01 6.371469533292288823e-01 5.980445787816519587e-01
1.003431010499669096e-01 7.158991905556473245e-01 1.759225459312253603e-01
5.048605354160732306e-01 3.610870704924883379e-01 1.043928183331490622e-01
8.364299104261485596e-02 8.586270204868624578e-01 8.387331135078783806e-01
4.165906065661900692e-01 1.681043809207956041e-01 8.959463505641347414e-01
5.431334326097080334e-01 9.382078004293167295e-01 3.436214855715127303e-01
2.842333121484105218e-01 9.459585921556268318e-05 6.362354482269413358e-01
3.324491443311825556e-01 6.777900615436900367e-01 2.466320854583730071e-01
2.025360983053329234e-01 5.226775739487483641e-01 5.739028738148250763e-01
7.418537881035113246e-01 3.841575009956841313e-01 4.231395728848509341e-01
7.958880433825264999e-01 4.718054643841734785e-01 9.142264901320100723e-01
9.309825680991218322e-01 2.412259752309980909e-01 3.629334967495323472e-02
4.286584708005622968e-01 4.700864726456972509e-01 3.600478209231214866e-01
9.839695922634903447e-01 6.775533725709107502e-01 3.202333325290628308e-01
5.622121578086598515e-01 6.143848513742453665e-01 4.311380483952990117e-01
2.264821666366301223e-02 3.328357584518278900e-01 1.395820380004825223e-01
8.158878160598466156e-01 5.871347288686563637e-01 2.463085860294307317e-01
5.971157134570598268e-01 2.543219379200375441e-01 3.437878841039667677e-01
5.554065590634769123e-01 8.024007963084389683e-02 9.146161040097711137e-02
5.186251052211885426e-01 6.026169496704839590e-01 2.502049185848772561e-01
5.866749921395549849e-01 9.861205936233741198e-03 4.903070482726907819e-01
4.054736396879234928e-01 2.192381421454158152e-01 7.717316449992968064e-01
3.570369161168196470e-01 6.411693102967765956e-01 1.477884285445235646e-01
1.686418314092453796e-01 8.158076689258347836e-01 5.959122190821456444e-01
8.155730469218547274e-02 4.979056610331489274e-02 6.366223306969676088e-03
3.698156324255449379e-01 3.417429508187366238e-01 9.158440501740374717e-01
3.911370795719444349e-01 6.221106072556953359e-01 4.211383898982434815e-02
9.074068946833836469e-01 6.288150265919187909e-01 4.415264085605478117e-01
1.726428957849722723e-01 6.192613462262929191e-01 1.918350903246561767e-01
1.640788074279566633e-01 3.560915130815751617e-01 3.925834971177444288e-02
2.533883601351483161e-01 2.055740192257188292e-01 9.329842603450959615e-01
5.809844881021237750e-01 2.557827450508187717e-02 4.246467896814156706e-01
5.771131996072078607e-01 9.422506890574612326e-01 7.304254420960876182e-02
1.033353464486612694e-01 8.116382779309518902e-01 3.928954824152580683e-01
1.843937114189608817e-02 5.744603708690132482e-01 1.135745459124276602e-01
9.703768246067282499e-01 8.649461806189534530e-01 1.513718950580564826e-01
8.402593173309846897e-02 2.214285073366406564e-01 8.839240160307950678e-01
2.563700117738395567e-01 9.659875968425137849e-01 3.407572814632428004e-01
7.033329202607235819e-01 4.422286688670217236e-01 4.222304742492775098e-01
9.194040435510906217e-01 5.491088738202754005e-01 8.295084954056661797e-01
8.451925282413826901e-01 9.436813508233705683e-01 6.406665529936462766e-01
5.090957349475023763e-01 7.363658500951353325e-01 9.841635636566007372e-01
6.212981453787012054e-01 5.162048590442291918e-02 1.662958655828223886e-01
9.611103576485455768e-01 3.871644649707146613e-01 9.506175347361802697e-01
6.398446216743143289e-01 6.352155879255153570e-01 8.886308892836112250e-01
3.778376212537950529e-01 3.608240659944331741e-01 4.035616335696531332e-01
5.217255838028441728e-01 5.438730230348288730e-01 9.418509887499959543e-02
1.159995397396207384e-01 5.491272469584167482e-01 6.212356141680055455e-01
1.941724751565589990e-01 1.416184858773937849e-01 9.315501724856145582e-01
8.968538324115630234e-01 1.994788364531057123e-01 6.042009600050960438e-01
7.908822421290924165e-01 1.663375616706541660e-01 6.494038285421123158e-01
1.972610747272220966e-01 9.256983172767807577e-02 4.757574085185430901e-01
4.896379035911540001e-01 6.187861586842435813e-02 5.118934054707358072e-02
4.074765565289950597e-01 9.816339990726397069e-02 2.281646877344628566e-01
5.254416249456843602e-01 3.091895268630392435e-01 8.359717139652037554e-01
1.667380463097782872e-01 1.843153836417482649e-01 3.641017807389799188e-01
8.887540130186636356e-01 1.919257422702587146e-01 5.311135277492478046e-01
4.317539578764495456e-02 9.469529775821982076e-01 8.805108107620960300e-01
7.585823789163572695e-01 3.541578387576485021e-01 2.709511900175024524e-01
8.681083589581986004e-01 9.218847213143432917e-01 4.180090492144786785e-01
7.455022925722191163e-01 4.094757610439325735e-02 2.771344968001938636e-01
8.378913236322016456e-02 3.600729798853800068e-01 7.063765684998907224e-01
2.457454159211173161e-01 4.439186497760747585e-01 2.790105877095609976e-01
1.723011463634578355e-01 3.178294405069244100e-01 2.888823572397050121e-01
4.439334945289665768e-01 4.250766824044053260e-01 2.021400999212330518e-03
6.758279186736338984e-01 5.750880727819012161e-01 3.257286685247832159e-01
6.455932896268266052e-01 9.513475786809568735e-01 6.597416659329325972e-01
8.259479371131493997e-01 7.895611144483563049e-01 9.854818589569900311e-01
3.995329568376346785e-01 5.215249696571133686e-02 2.771706315441441193e-01
4.384789406948540469e-01 2.747437989794078161e-01 8.269724695125999503e-01
8.817905630084509339e-01 9.106931525149463136e-01 6.109066889402845479e-01
2.826866592519028387e-01 9.160550419114178444e-01 7.250353311399774237e-01
8.077271784974372482e-01 2.298971479223741454e-01 4.531714510220097303e-02
9.337117512408776854e-02 4.266082989014318150e-01 2.956614524400862365e-01
3.496353584855893537e-03 6.931188297197731218e-01 6.021396054441752188e-02
6.029719708525020927e-01 4.675136970508964041e-01 7.631910690348252535e-01
2.759825123024016724e-01 5.923305431731562543e-02 3.284629917894908990e-01
1.752442538978045139e-01 7.493685086257277916e-01 5.102962657977253569e-01
